1111100000000000000011111
1111100000000000000011111
1111100000000000000011111
1111100000000000000011111
1111100000000000000011111
1111100000000000000011111
1111100000000000000011111
1111100000000000000011111
1111100000111110000011111
1111100000111110000011111
1111100000111110000011111
1111100000111110000011111
1111100000111110000011111
1111100000000000000011111
1111100000000000000011111
1111100000000000000011111
1111100000000000000011111
1111100000000000000011111
1111100000000000000011111
1111100000000000000011111
1111100000111110000011111
1111100000111110000011111
1111100000111110000011111
1111100000111110000011111
1111100000111110000011111